[Input File = Maze1.txt]
(1, 0) (1, 1) (1, 2) (1, 3) (1, 4) (1, 5) (2, 5) (3, 5) (3, 6) (3, 7) 

(4, 7) (5, 7) (6, 7) (7, 7) (8, 7) (9, 7) (10, 7) (11, 7) (11, 8) (11, 9) 

(12, 9) (13, 9) (13, 10) (13, 11) (13, 12) (13, 13) (14, 13) (15, 13) (15, 14) (15, 15) 

(16, 15) (17, 15) (17, 16) (17, 17) (18, 17) (19, 17) (19, 18) (19, 19) (19, 20) (19, 21) 

(19, 22) (19, 23) (20, 23) (21, 23) (21, 24) (21, 25) (21, 26) (21, 27) (22, 27) (23, 27) 

(23, 28) (23, 29) (24, 29) (25, 29) (25, 30) (25, 31) (26, 31) (27, 31) (27, 32) (27, 33) 

(27, 34) (27, 35) (27, 36) (27, 37) (28, 37) (29, 37) (30, 37) (31, 37) (31, 38) (31, 39) 

(32, 39) (33, 39) (34, 39) (35, 39) (35, 40) (35, 41) (36, 41) (37, 41) (38, 41) (39, 41) 

(40, 41) (41, 41) (41, 42) (41, 43) (42, 43) (43, 43) (43, 44) (43, 45) (44, 45) (45, 45) 

(46, 45) (47, 45) (48, 45) (49, 45) (49, 46) (49, 47) (49, 48) (49, 49) (49, 50) 
