[Input File = Maze1.txt]
(1, 0) (1, 1) (2, 1) (3, 1) (3, 2) (3, 3) (3, 4) (3, 5) (3, 6) (3, 7) 

(4, 7) (5, 7) (5, 8) (5, 9) (6, 9) (7, 9) (7, 10) (7, 11) (8, 11) (9, 11) 

(9, 12) (9, 13) (10, 13) (11, 13) (12, 13) (13, 13) (14, 13) (15, 13) (16, 13) (17, 13) 

(17, 14) (17, 15) (17, 16) (17, 17) (17, 18) (17, 19) (18, 19) (19, 19) (19, 20) (19, 21) 

(19, 22) (19, 23) (19, 24) (19, 25) (20, 25) (21, 25) (22, 25) (23, 25) (23, 26) (23, 27) 

(24, 27) (25, 27) (26, 27) (27, 27) (28, 27) (29, 27) (30, 27) (31, 27) (32, 27) (33, 27) 

(33, 28) (33, 29) (34, 29) (35, 29) (36, 29) (37, 29) (38, 29) (39, 29) (40, 29) (41, 29) 

(41, 30) (41, 31) (41, 32) (41, 33) (41, 34) (41, 35) (42, 35) (43, 35) (43, 36) (43, 37) 

(43, 38) (43, 39) (44, 39) (45, 39) (46, 39) (47, 39) (47, 40) (47, 41) (48, 41) (49, 41) 

(49, 42) (49, 43) (49, 44) (49, 45) (50, 45) (51, 45) (51, 46) (51, 47) (52, 47) (53, 47) 

(54, 47) (55, 47) (55, 48) (55, 49) (55, 50) (55, 51) (55, 52) (55, 53) (55, 54) (55, 55) 

(56, 55) (57, 55) (57, 56) (57, 57) (58, 57) (59, 57) (60, 57) (61, 57) (61, 58) (61, 59) 

(62, 59) (63, 59) (63, 60) (63, 61) (63, 62) (63, 63) (64, 63) (65, 63) (65, 64) (65, 65) 

(66, 65) (67, 65) (67, 66) (67, 67) (68, 67) (69, 67) (70, 67) (71, 67) (71, 68) (71, 69) 

(72, 69) (73, 69) (74, 69) (75, 69) (75, 70) (75, 71) (76, 71) (77, 71) (78, 71) (79, 71) 

(79, 72) (79, 73) (79, 74) (79, 75) (79, 76) (79, 77) (80, 77) (81, 77) (82, 77) (83, 77) 

(83, 78) (83, 79) (84, 79) (85, 79) (86, 79) (87, 79) (87, 80) (87, 81) (87, 82) (87, 83) 

(88, 83) (89, 83) (90, 83) (91, 83) (92, 83) (93, 83) (93, 84) (93, 85) (93, 86) (93, 87) 

(94, 87) (95, 87) (96, 87) (97, 87) (97, 88) (97, 89) (97, 90) (97, 91) (98, 91) (99, 91) 

(100, 91) (101, 91) (101, 92) (101, 93) (101, 94) (101, 95) (102, 95) (103, 95) (104, 95) (105, 95) 

(106, 95) (107, 95) (107, 96) (107, 97) (108, 97) (109, 97) (109, 98) (109, 99) (110, 99) (111, 99) 

(112, 99) (113, 99) (114, 99) (115, 99) (116, 99) (117, 99) (118, 99) (119, 99) (120, 99) (121, 99) 

(121, 100) (121, 101) (122, 101) (123, 101) (123, 102) (123, 103) (123, 104) (123, 105) (123, 106) (123, 107) 

(124, 107) (125, 107) (125, 108) (125, 109) (126, 109) (127, 109) (128, 109) (129, 109) (129, 110) (129, 111) 

(130, 111) (131, 111) (131, 112) (131, 113) (131, 114) (131, 115) (132, 115) (133, 115) (134, 115) (135, 115) 

(136, 115) (137, 115) (138, 115) (139, 115) (139, 116) (139, 117) (140, 117) (141, 117) (141, 118) (141, 119) 

(142, 119) (143, 119) (144, 119) (145, 119) (146, 119) (147, 119) (148, 119) (149, 119) (149, 120) (149, 121) 

(149, 122) (149, 123) (149, 124) (149, 125) (150, 125) (151, 125) (151, 126) (151, 127) (152, 127) (153, 127) 

(154, 127) (155, 127) (156, 127) (157, 127) (157, 128) (157, 129) (158, 129) (159, 129) (159, 130) (159, 131) 

(160, 131) (161, 131) (161, 132) (161, 133) (161, 134) (161, 135) (161, 136) (161, 137) (162, 137) (163, 137) 

(164, 137) (165, 137) (165, 138) (165, 139) (165, 140) (165, 141) (166, 141) (167, 141) (168, 141) (169, 141) 

(170, 141) (171, 141) (172, 141) (173, 141) (173, 142) (173, 143) (173, 144) (173, 145) (173, 146) (173, 147) 

(174, 147) (175, 147) (176, 147) (177, 147) (177, 148) (177, 149) (178, 149) (179, 149) (179, 150) (179, 151) 

(180, 151) (181, 151) (182, 151) (183, 151) (183, 152) (183, 153) (184, 153) (185, 153) (186, 153) (187, 153) 

(188, 153) (189, 153) (189, 154) (189, 155) (190, 155) (191, 155) (191, 156) (191, 157) (192, 157) (193, 157) 

(194, 157) (195, 157) (195, 158) (195, 159) (195, 160) (195, 161) (196, 161) (197, 161) (198, 161) (199, 161) 

(199, 162) (199, 163) (199, 164) (199, 165) (199, 166) (199, 167) (199, 168) (199, 169) (199, 170) (199, 171) 

(199, 172) (199, 173) (199, 174) (199, 175) (199, 176) (199, 177) (199, 178) (199, 179) (199, 180) (199, 181) 

(199, 182) (199, 183) (199, 184) (199, 185) (199, 186) (199, 187) (199, 188) (199, 189) (199, 190) (199, 191) 

(199, 192) (199, 193) (199, 194) (199, 195) (199, 196) (199, 197) (199, 198) (199, 199) (199, 200) 
